0.00 0.00000 0.00000
0.01 0.00393 0.77922
0.02 0.01543 1.51272
0.03 0.03401 2.19320
0.04 0.05910 2.81415
0.05 0.09007 3.36997
0.06 0.12626 3.85595
0.07 0.16695 4.26835
0.08 0.21138 4.60440
0.09 0.25878 4.86235
0.10 0.30836 5.04141
0.11 0.35934 5.14177
0.12 0.41094 5.16455
0.13 0.46238 5.11167
0.14 0.51293 4.98582
0.15 0.56186 4.79033
0.16 0.60851 4.52902
0.17 0.65224 4.20611
0.18 0.69245 3.82611
0.19 0.72859 3.39368
0.20 0.76016 2.91360
0.21 0.78672 2.39066
0.22 0.80785 1.82965
0.23 0.82320 1.23533
0.24 0.83246 0.61243
0.25 0.83537 -0.03431
0.26 0.83171 -0.70011
0.27 0.82132 -1.38008
0.28 0.80408 -2.06923
0.29 0.77992 -2.76233
0.30 0.74883 -3.45394
0.31 0.71086 -4.13837
0.32 0.66611 -4.80963
0.33 0.61474 -5.46151
0.34 0.55697 -6.08760
0.35 0.49309 -6.68141
0.36 0.42347 -7.23648
0.37 0.34851 -7.74654
0.38 0.26871 -8.20570
0.39 0.18459 -8.60870
0.40 0.09674 -8.95103
0.41 0.00578 -9.22920
0.42 -0.08763 -9.44086
0.43 -0.18281 -9.58490
0.44 -0.27910 -9.66153
0.45 -0.37582 -9.67220
0.46 -0.47233 -9.61958
0.47 -0.56802 -9.50734
0.48 -0.66230 -9.34001
0.49 -0.75465 -9.12267
0.50 -0.84460 -8.86081
0.51 -0.93174 -8.55997
0.52 -1.01569 -8.22561
0.53 -1.09615 -7.86287
0.54 -1.17287 -7.47643
0.55 -1.24562 -7.07042
0.56 -1.31422 -6.64830
0.57 -1.37854 -6.21287
0.58 -1.43844 -5.76626
0.59 -1.49383 -5.30991
0.60 -1.54461 -4.84470
0.61 -1.59070 -4.37093
0.62 -1.63200 -3.88840
0.63 -1.66843 -3.39652
0.64 -1.69990 -2.89436
0.65 -1.72628 -2.38071
0.66 -1.74747 -1.85419
0.67 -1.76332 -1.31329
0.68 -1.77368 -0.75646
0.69 -1.77839 -0.18218
0.70 -1.77726 0.41096
0.71 -1.77010 1.02418
0.72 -1.75671 1.65843
0.73 -1.73686 2.31432
0.74 -1.71035 2.99197
0.75 -1.67695 3.69094
0.76 -1.63646 4.41013
0.77 -1.58869 5.14760
0.78 -1.53346 5.90050
0.79 -1.47064 6.66489
0.80 -1.40014 7.43569
0.81 -1.32193 8.20656
0.82 -1.23603 8.96986
0.83 -1.14258 9.71668
0.84 -1.04179 10.43694
0.85 -0.93397 11.11963
0.86 -0.81956 11.75310
0.87 -0.69911 12.32554
0.88 -0.57329 12.82553
0.89 -0.44288 13.24264
0.90 -0.30874 13.56813
0.91 -0.17184 13.79548
0.92 -0.03317 13.92093
0.93 0.10623 13.94377
0.94 0.24537 13.86641
0.95 0.38325 13.69420
0.96 0.51896 13.43511
0.97 0.65169 13.09910
0.98 0.78072 12.69752
0.99 0.90546 12.24239
1.00 1.02543 11.74576
1.01 1.14028 11.21912
1.02 1.24975 10.67299
1.03 1.35370 10.11656
1.04 1.45207 9.55757
1.05 1.54487 9.00220
1.06 1.63215 8.45513
1.07 1.71401 7.91959
1.08 1.79058 7.39754
1.09 1.86201 6.88981
1.10 1.92843 6.39625
1.11 1.98998 5.91594
1.12 2.04679 5.44730
1.13 2.09896 4.98826
1.14 2.14657 4.53635
1.15 2.18970 4.08883
1.16 2.22836 3.64277
1.17 2.26255 3.19510
1.18 2.29224 2.74270
1.19 2.31738 2.28242
1.20 2.33785 1.81113
1.21 2.35355 1.32576
1.22 2.36431 0.82331
1.23 2.36995 0.30086
1.24 2.37025 -0.24436
1.25 2.36498 -0.81498
1.26 2.35386 -1.41344
1.27 2.33661 -2.04198
1.28 2.31291 -2.70253
1.29 2.28245 -3.39671
1.30 2.24486 -4.12567
1.31 2.19982 -4.89004
1.32 2.14695 -5.68974
1.33 2.08591 -6.52382
1.34 2.01636 -7.39027
1.35 1.93800 -8.28575
1.36 1.85057 -9.20531
1.37 1.75384 -10.14218
1.38 1.64769 -11.08745
1.39 1.53210 -12.02988
1.40 1.40715 -12.95587
1.41 1.27309 -13.84945
1.42 1.13033 -14.69267
1.43 0.97947 -15.46615
1.44 0.82130 -16.15000
1.45 0.65683 -16.72496
1.46 0.48723 -17.17384
1.47 0.31382 -17.48286
1.48 0.13807 -17.64295
1.49 -0.03853 -17.65066
1.50 -0.21445 -17.50856
1.51 -0.38823 -17.22505
1.52 -0.55852 -16.81359
1.53 -0.72413 -16.29152
1.54 -0.88405 -15.67862
1.55 -1.03747 -14.99559
1.56 -1.18379 -14.26271
1.57 -1.32262 -13.49873
1.58 -1.45372 -12.72015
1.59 -1.57702 -11.94074
1.60 -1.69257 -11.17140
1.61 -1.80051 -10.42026
1.62 -1.90105 -9.69286
1.63 -1.99446 -8.99249
1.64 -2.08100 -8.32056
1.65 -2.16096 -7.67691
1.66 -2.23463 -7.06017
1.67 -2.30225 -6.46807
1.68 -2.36406 -5.89766
1.69 -2.42026 -5.34553
1.70 -2.47102 -4.80799
1.71 -2.51646 -4.28117
1.72 -2.55667 -3.76118
1.73 -2.59169 -3.24411
1.74 -2.62155 -2.72614
1.75 -2.64620 -2.20356
1.76 -2.66559 -1.67277
1.77 -2.67962 -1.13033
1.78 -2.68815 -0.57294
1.79 -2.69101 0.00253
1.80 -2.68802 0.59907
1.81 -2.67895 1.21949
1.82 -2.66355 1.86646
1.83 -2.64153 2.54242
1.84 -2.61259 3.24963
1.85 -2.57642 3.99004
1.86 -2.53268 4.76528
1.87 -2.48100 5.57652
1.88 -2.42102 6.42434
1.89 -2.35239 7.30852
1.90 -2.27474 8.22783
1.91 -2.18772 9.17972
1.92 -2.09105 10.15996
1.93 -1.98445 11.16229
1.94 -1.86776 12.17799
1.95 -1.74089 13.19558
1.96 -1.60389 14.20048
1.97 -1.45698 15.17500
1.98 -1.30056 16.09854
1.99 -1.13525 16.94811
2.00 -0.96192 17.69942
2.01 -0.78167 18.32825
2.02 -0.59584 18.81232
2.03 -0.40597 19.13318
2.04 -0.21376 19.27803
2.05 -0.02102 19.24114
2.06 0.17046 19.02452
2.07 0.35891 18.63775
2.08 0.54270 18.09700
2.09 0.72040 17.42345
2.10 0.89081 16.64125
2.11 1.05295 15.77553
2.12 1.20612 14.85061
2.13 1.34984 13.88862
2.14 1.48383 12.90857
2.15 1.60800 11.92590
2.16 1.72238 10.95241
2.17 1.82711 9.99646
2.18 1.92239 9.06333
2.19 2.00846 8.15568
2.20 2.08559 7.27405
2.21 2.15402 6.41730
2.22 2.21401 5.58304
2.23 2.26575 4.76796
2.24 2.30942 3.96816
2.25 2.34515 3.17933
2.26 2.37303 2.39701
2.27 2.39310 1.61665
2.28 2.40535 0.83379
2.29 2.40975 0.04411
2.30 2.40620 -0.75646
2.31 2.39457 -1.57172
2.32 2.37470 -2.40506
2.33 2.34640 -3.25944
2.34 2.30944 -4.13726
2.35 2.26357 -5.04021
2.36 2.20855 -5.96915
2.37 2.14410 -6.92386
2.38 2.06999 -7.90283
2.39 1.98597 -8.90297
2.40 1.89187 -9.91929
2.41 1.78756 -10.94455
2.42 1.67298 -11.96903
2.43 1.54822 -12.98024
2.44 1.41347 -13.96290
2.45 1.26912 -14.89906
2.46 1.11572 -15.76860
2.47 0.95404 -16.54997
2.48 0.78508 -17.22143
2.49 0.61005 -17.76251
2.50 0.43033 -18.15567
2.51 0.24747 -18.38795
2.52 0.06313 -18.45226
2.53 -0.12101 -18.34824
2.54 -0.30330 -18.08233
2.55 -0.48216 -17.66724
2.56 -0.65620 -17.12068
2.57 -0.82421 -16.46381
2.58 -0.98519 -15.71942
2.59 -1.13838 -14.91032
2.60 -1.28325 -14.05791
2.61 -1.41946 -13.18118
2.62 -1.54685 -12.29614
2.63 -1.66540 -11.41551
2.64 -1.77520 -10.54883
2.65 -1.87644 -9.70265
2.66 -1.96934 -8.88090
2.67 -2.05415 -8.08532
2.68 -2.13113 -7.31585
2.69 -2.20055 -6.57105
2.70 -2.26263 -5.84841
2.71 -2.31758 -5.14467
2.72 -2.36557 -4.45608
2.73 -2.40674 -3.77853
2.74 -2.44116 -3.10779
2.75 -2.46890 -2.43954
2.76 -2.48995 -1.76951
2.77 -2.50427 -1.09355
2.78 -2.51179 -0.40763
2.79 -2.51238 0.29206
2.80 -2.50589 1.00913
2.81 -2.49213 1.74690
2.82 -2.47087 2.50840
2.83 -2.44187 3.29628
2.84 -2.40485 4.11274
2.85 -2.35951 4.95944
2.86 -2.30556 5.83733
2.87 -2.24266 6.74648
2.88 -2.17053 7.68586
2.89 -2.08885 8.65308
2.90 -1.99738 9.64402
2.91 -1.89591 10.65257
2.92 -1.78430 11.67022
2.93 -1.66252 12.68578
2.94 -1.53064 13.68521
2.95 -1.38892 14.65156
2.96 -1.23778 15.56526
2.97 -1.07786 16.40468
2.98 -0.91001 17.14712
2.99 -0.73532 17.77020
3.00 -0.55508 18.25347
3.01 -0.37077 18.58019
3.02 -0.18403 18.73898
3.03 0.00343 18.72502
3.04 0.18990 18.54063
3.05 0.37371 18.19511
3.06 0.55331 17.70385
3.07 0.72736 17.08683
3.08 0.89471 16.36682
3.09 1.05444 15.56756
3.10 1.20587 14.71210
3.11 1.34856 13.82154
3.12 1.48225 12.91412
3.13 1.60684 12.00480
3.14 1.72237 11.10512
3.15 1.82900 10.22343
3.16 1.92692 9.36510
3.17 2.01639 8.53304
3.18 2.09767 7.72806
3.19 2.17104 6.94935
3.20 2.23674 6.19483
3.21 2.29501 5.46151
3.22 2.34603 4.74576
3.23 2.38997 4.04353
3.24 2.42693 3.35054
3.25 2.45699 2.66241
3.26 2.48018 1.97476
3.27 2.49648 1.28329
3.28 2.50582 0.58385
3.29 2.50811 -0.12753
3.30 2.50322 -0.85458
3.31 2.49096 -1.60080
3.32 2.47113 -2.36933
3.33 2.44349 -3.16297
3.34 2.40778 -3.98408
3.35 2.36371 -4.83446
3.36 2.31098 -5.71520
3.37 2.24930 -6.62658
3.38 2.17835 -7.56773
3.39 2.09785 -8.53649
3.40 2.00754 -9.52899
3.41 1.90721 -10.53937
3.42 1.79672 -11.55943
3.43 1.67603 -12.57832
3.44 1.54521 -13.58230
3.45 1.40449 -14.55474
3.46 1.25428 -15.47634
3.47 1.09520 -16.32563
3.48 0.92809 -17.07999
3.49 0.75399 -17.71689
3.50 0.57421 -18.21562
3.51 0.39020 -18.55898
3.52 0.20359 -18.73496
3.53 0.01608 -18.73803
3.54 -0.17060 -18.56980
3.55 -0.35477 -18.23890
3.56 -0.53489 -17.76017
3.57 -0.70955 -17.15323
3.58 -0.87760 -16.44067
3.59 -1.03809 -15.64624
3.60 -1.19033 -14.79316
3.61 -1.33383 -13.90275
3.62 -1.46832 -12.99359
3.63 -1.59369 -12.08099
3.64 -1.70997 -11.17683
3.65 -1.81728 -10.28976
3.66 -1.91584 -9.42544
3.67 -2.00588 -8.58699
3.68 -2.08767 -7.77541
3.69 -2.16148 -6.99002
3.70 -2.22755 -6.22885
3.71 -2.28612 -5.48897
3.72 -2.33739 -4.76680
3.73 -2.38150 -4.05832
3.74 -2.41859 -3.35925
3.75 -2.44871 -2.66522
3.76 -2.47189 -1.97183
3.77 -2.48813 -1.27479
3.78 -2.49736 -0.56991
3.79 -2.49949 0.14677
3.80 -2.49438 0.87902
3.81 -2.48185 1.63031
3.82 -2.46170 2.40381
3.83 -2.43369 3.20231
3.84 -2.39756 4.02813
3.85 -2.35303 4.88304
3.86 -2.29980 5.76810
3.87 -2.23756 6.68347
3.88 -2.16603 7.62822
3.89 -2.08491 8.60002
3.90 -1.99395 9.59486
3.91 -1.89296 10.60669
3.92 -1.78179 11.62708
3.93 -1.66042 12.64493
3.94 -1.52895 13.64628
3.95 -1.38761 14.61429
3.96 -1.23684 15.52945
3.97 -1.07727 16.37026
3.98 -0.90975 17.11409
3.99 -0.73538 17.73863
4.00 -0.55545 18.22351
4.01 -0.37143 18.55201
4.02 -0.18497 18.71277
4.03 0.00225 18.70093
4.04 0.18848 18.51877
4.05 0.37208 18.17552
4.06 0.55151 17.68650
4.07 0.72539 17.07158
4.08 0.89260 16.35349
4.09 1.05220 15.55590
4.10 1.20353 14.70183
4.11 1.34612 13.81235
4.12 1.47972 12.90568
4.13 1.60422 11.99680
4.14 1.71968 11.09728
4.15 1.82623 10.21546
4.16 1.92407 9.35676
4.17 2.01345 8.52410
4.18 2.09464 7.71833
4.19 2.16790 6.93864
4.20 2.23349 6.18298
4.21 2.29163 5.44837
4.22 2.34252 4.73119
4.23 2.38630 4.02741
4.24 2.42310 3.33275
4.25 2.45297 2.64283
4.26 2.47596 1.95329
4.27 2.49203 1.25982
4.28 2.50113 0.55829
4.29 2.50315 -0.15528
4.30 2.49797 -0.88462
4.31 2.48540 -1.63319
4.32 2.46523 -2.40414
4.33 2.43723 -3.20026
4.34 2.40113 -4.02387
4.35 2.35665 -4.87672
4.36 2.30350 -5.75988
4.37 2.24135 -6.67354
4.38 2.16993 -7.61677
4.39 2.08893 -8.58729
4.40 1.99810 -9.58111
4.41 1.89725 -10.59223
4.42 1.78623 -11.61228
4.43 1.66501 -12.63022
4.44 1.53368 -13.63214
4.45 1.39248 -14.60125
4.46 1.24183 -15.51810
4.47 1.08236 -16.36118
4.48 0.91492 -17.10785
4.49 0.74060 -17.73574
4.50 0.56067 -18.22435
4.51 0.37663 -18.55686
4.52 0.19010 -18.72169
4.53 0.00277 -18.71382
4.54 -0.18361 -18.53534
4.55 -0.36739 -18.19532
4.56 -0.54703 -17.70894
4.57 -0.72115 -17.09603
4.58 -0.88860 -16.37928
4.59 -1.04847 -15.58240
4.60 -1.20006 -14.72845
4.61 -1.34292 -13.83858
4.62 -1.47677 -12.93113
4.63 -1.60153 -12.02115
4.64 -1.71723 -11.12031
4.65 -1.82400 -10.23702
4.66 -1.92205 -9.37678
4.67 -2.01162 -8.54256
4.68 -2.09299 -7.73523
4.69 -2.16641 -6.95404
4.70 -2.23215 -6.19694
4.71 -2.29042 -5.46098
4.72 -2.34143 -4.74255
4.73 -2.38532 -4.03760
4.74 -2.42221 -3.34187
4.75 -2.45217 -2.65098
4.76 -2.47523 -1.96054
4.77 -2.49137 -1.26627
4.78 -2.50053 -0.56400
4.79 -2.50261 0.15023
4.80 -2.49747 0.88016
4.81 -2.48494 1.62926
4.82 -2.46481 2.40070
4.83 -2.43684 3.19724
4.84 -2.40078 4.02123
4.85 -2.35632 4.87442
4.86 -2.30319 5.75788
4.87 -2.24106 6.67180
4.88 -2.16965 7.61526
4.89 -2.08867 8.58596
4.90 -1.99785 9.57995
4.91 -1.89701 10.59120
4.92 -1.78600 11.61135
4.93 -1.66479 12.62936
4.94 -1.53347 13.63133
4.95 -1.39227 14.60046
4.96 -1.24163 15.51730
4.97 -1.08217 16.36035
4.98 -0.91475 17.10697
4.99 -0.74043 17.73480
5.00 -0.56051 18.22334
5.01 -0.37648 18.55577
5.02 -0.18996 18.72054
5.03 -0.00265 18.71261
5.04 0.18372 18.53408
5.05 0.36749 18.19402
5.06 0.54712 17.70763
5.07 0.72122 17.09473
5.08 0.88866 16.37800
5.09 1.04852 15.58114
5.10 1.20010 14.72724
5.11 1.34294 13.83742
5.12 1.47679 12.93002
5.13 1.60154 12.02009
5.14 1.71722 11.11930
5.15 1.82398 10.23606
5.16 1.92202 9.37585
5.17 2.01158 8.54166
5.18 2.09294 7.73436
5.19 2.16636 6.95318
5.20 2.23209 6.19610
5.21 2.29035 5.46014
5.22 2.34135 4.74170
5.23 2.38523 4.03674
5.24 2.42211 3.34099
5.25 2.45207 2.65007
5.26 2.47512 1.95960
5.27 2.49124 1.26529
5.28 2.50039 0.56298
5.29 2.50246 -0.15130
5.30 2.49732 -0.88128
5.31 2.48477 -1.63045
5.32 2.46463 -2.40195
5.33 2.43665 -3.19856
5.34 2.40057 -4.02261
5.35 2.35610 -4.87587
5.36 2.30295 -5.75940
5.37 2.24081 -6.67338
5.38 2.16939 -7.61690
5.39 2.08838 -8.58766
5.40 1.99755 -9.58168
5.41 1.89669 -10.59295
5.42 1.78567 -11.61309
5.43 1.66444 -12.63107
5.44 1.53310 -13.63297
5.45 1.39189 -14.60199
5.46 1.24123 -15.51868
5.47 1.08176 -16.36152
5.48 0.91432 -17.10789
5.49 0.74000 -17.73543
5.50 0.56008 -18.22364
5.51 0.37605 -18.55572
5.52 0.18952 -18.72013
5.53 0.00222 -18.71185
5.54 -0.18414 -18.53298
5.55 -0.36790 -18.19264
5.56 -0.54751 -17.70600
5.57 -0.72160 -17.09290
5.58 -0.88902 -16.37604
5.59 -1.04885 -15.57910
5.60 -1.20041 -14.72517
5.61 -1.34324 -13.83537
5.62 -1.47706 -12.92802
5.63 -1.60179 -12.01818
5.64 -1.71746 -11.11749
5.65 -1.82420 -10.23437
5.66 -1.92222 -9.37430
5.67 -2.01177 -8.54025
5.68 -2.09312 -7.73308
5.69 -2.16652 -6.95204
5.70 -2.23224 -6.19509
5.71 -2.29049 -5.45926
5.72 -2.34148 -4.74094
5.73 -2.38536 -4.03610
5.74 -2.42223 -3.34046
5.75 -2.45218 -2.64964
5.76 -2.47523 -1.95926
5.77 -2.49135 -1.26504
5.78 -2.50050 -0.56282
5.79 -2.50257 0.15138
5.80 -2.49742 0.88129
5.81 -2.48488 1.63038
5.82 -2.46474 2.40181
5.83 -2.43676 3.19835
5.84 -2.40068 4.02235
5.85 -2.35622 4.87555
5.86 -2.30307 5.75902
5.87 -2.24093 6.67296
5.88 -2.16951 7.61643
5.89 -2.08851 8.58715
5.90 -1.99769 9.58114
5.91 -1.89683 10.59239
5.92 -1.78581 11.61253
5.93 -1.66459 12.63051
5.94 -1.53325 13.63244
5.95 -1.39205 14.60150
5.96 -1.24140 15.51824
5.97 -1.08193 16.36116
5.98 -0.91450 17.10763
5.99 -0.74017 17.73528
6.00 -0.56026 18.22363
6.01 -0.37622 18.55585
6.02 -0.18970 18.72039
6.03 -0.00239 18.71225
6.04 0.18398 18.53351
6.05 0.36774 18.19328
6.06 0.54735 17.70673
6.07 0.72145 17.09371
6.08 0.88888 16.37689
6.09 1.04872 15.57998
6.10 1.20029 14.72606
6.11 1.34312 13.83624
6.12 1.47696 12.92887
6.13 1.60169 12.01899
6.14 1.71737 11.11826
6.15 1.82412 10.23509
6.16 1.92215 9.37497
6.17 2.01170 8.54086
6.18 2.09305 7.73364
6.19 2.16646 6.95255
6.20 2.23219 6.19555
6.21 2.29045 5.45967
6.22 2.34144 4.74131
6.23 2.38532 4.03642
6.24 2.42220 3.34074
6.25 2.45215 2.64988
6.26 2.47520 1.95948
6.27 2.49132 1.26523
6.28 2.50047 0.56297
6.29 2.50254 -0.15125
6.30 2.49740 -0.88118
6.31 2.48486 -1.63029
6.32 2.46472 -2.40174
6.33 2.43674 -3.19830
6.34 2.40066 -4.02231
6.35 2.35619 -4.87553
6.36 2.30305 -5.75902
6.37 2.24091 -6.67297
6.38 2.16949 -7.61645
6.39 2.08849 -8.58718
6.40 1.99767 -9.58118
6.41 1.89681 -10.59243
6.42 1.78579 -11.61257
6.43 1.66457 -12.63056
6.44 1.53323 -13.63248
6.45 1.39203 -14.60153
6.46 1.24137 -15.51827
6.47 1.08191 -16.36118
6.48 0.91447 -17.10764
6.49 0.74015 -17.73528
6.50 0.56023 -18.22361
6.51 0.37620 -18.55581
6.52 0.18968 -18.72033
6.53 0.00237 -18.71217
6.54 -0.18400 -18.53342
6.55 -0.36776 -18.19317
6.56 -0.54737 -17.70661
6.57 -0.72147 -17.09358
6.58 -0.88890 -16.37676
6.59 -1.04874 -15.57985
6.60 -1.20031 -14.72592
6.61 -1.34314 -13.83611
6.62 -1.47697 -12.92875
6.63 -1.60171 -12.01887
6.64 -1.71738 -11.11815
6.65 -1.82413 -10.23499
6.66 -1.92216 -9.37487
6.67 -2.01171 -8.54076
6.68 -2.09306 -7.73355
6.69 -2.16647 -6.95247
6.70 -2.23219 -6.19547
6.71 -2.29045 -5.45960
6.72 -2.34144 -4.74124
6.73 -2.38532 -4.03636
6.74 -2.42220 -3.34068
6.75 -2.45215 -2.64983
6.76 -2.47520 -1.95943
6.77 -2.49133 -1.26518
6.78 -2.50047 -0.56293
6.79 -2.50254 0.15129
6.80 -2.49740 0.88122
6.81 -2.48486 1.63033
6.82 -2.46471 2.40178
6.83 -2.43674 3.19834
6.84 -2.40066 4.02235
6.85 -2.35619 4.87557
6.86 -2.30304 5.75906
6.87 -2.24091 6.67300
6.88 -2.16949 7.61649
6.89 -2.08849 8.58722
6.90 -1.99766 9.58122
6.91 -1.89681 10.59247
6.92 -1.78578 11.61261
6.93 -1.66456 12.63060
6.94 -1.53323 13.63251
6.95 -1.39202 14.60157
6.96 -1.24137 15.51831
6.97 -1.08190 16.36121
6.98 -0.91447 17.10766
6.99 -0.74014 17.73529
7.00 -0.56022 18.22362
7.01 -0.37619 18.55581
7.02 -0.18967 18.72033
7.03 -0.00236 18.71216
7.04 0.18401 18.53340
7.05 0.36777 18.19315
7.06 0.54738 17.70659
7.07 0.72148 17.09355
7.08 0.88891 16.37673
7.09 1.04875 15.57982
7.10 1.20031 14.72589
7.11 1.34314 13.83608
7.12 1.47698 12.92871
7.13 1.60171 12.01884
7.14 1.71738 11.11812
7.15 1.82413 10.23496
7.16 1.92216 9.37484
7.17 2.01172 8.54074
7.18 2.09306 7.73353
7.19 2.16647 6.95245
7.20 2.23219 6.19546
7.21 2.29045 5.45959
7.22 2.34144 4.74123
7.23 2.38532 4.03635
7.24 2.42220 3.34068
7.25 2.45215 2.64983
7.26 2.47520 1.95943
7.27 2.49133 1.26518
7.28 2.50048 0.56293
7.29 2.50255 -0.15128
7.30 2.49740 -0.88121
7.31 2.48486 -1.63032
7.32 2.46472 -2.40177
7.33 2.43674 -3.19833
7.34 2.40066 -4.02234
7.35 2.35619 -4.87555
7.36 2.30305 -5.75904
7.37 2.24091 -6.67299
7.38 2.16949 -7.61647
7.39 2.08849 -8.58720
7.40 1.99767 -9.58120
7.41 1.89681 -10.59245
7.42 1.78579 -11.61259
7.43 1.66457 -12.63058
7.44 1.53323 -13.63249
7.45 1.39202 -14.60155
7.46 1.24137 -15.51829
7.47 1.08190 -16.36120
7.48 0.91447 -17.10765
7.49 0.74015 -17.73529
7.50 0.56023 -18.22361
7.51 0.37620 -18.55581
7.52 0.18967 -18.72034
7.53 0.00237 -18.71217
7.54 -0.18400 -18.53342
7.55 -0.36776 -18.19317
7.56 -0.54738 -17.70661
7.57 -0.72147 -17.09358
7.58 -0.88890 -16.37675
7.59 -1.04874 -15.57984
7.60 -1.20031 -14.72592
7.61 -1.34314 -13.83611
7.62 -1.47697 -12.92874
7.63 -1.60171 -12.01886
7.64 -1.71738 -11.11814
7.65 -1.82413 -10.23498
7.66 -1.92216 -9.37486
7.67 -2.01171 -8.54076
7.68 -2.09306 -7.73355
7.69 -2.16647 -6.95246
7.70 -2.23219 -6.19547
7.71 -2.29045 -5.45960
7.72 -2.34144 -4.74124
7.73 -2.38532 -4.03636
7.74 -2.42220 -3.34069
7.75 -2.45215 -2.64984
7.76 -2.47520 -1.95943
7.77 -2.49133 -1.26519
7.78 -2.50048 -0.56294
7.79 -2.50255 0.15128
7.80 -2.49740 0.88121
7.81 -2.48486 1.63032
7.82 -2.46472 2.40177
7.83 -2.43674 3.19833
7.84 -2.40066 4.02234
7.85 -2.35619 4.87556
7.86 -2.30305 5.75905
7.87 -2.24091 6.67299
7.88 -2.16949 7.61648
7.89 -2.08849 8.58721
7.90 -1.99767 9.58120
7.91 -1.89681 10.59246
7.92 -1.78579 11.61260
7.93 -1.66456 12.63058
7.94 -1.53323 13.63250
7.95 -1.39202 14.60155
7.96 -1.24137 15.51829
7.97 -1.08190 16.36120
7.98 -0.91447 17.10766
7.99 -0.74015 17.73529
8.00 -0.56023 18.22361
8.01 -0.37620 18.55581
8.02 -0.18967 18.72033
8.03 -0.00236 18.71217
8.04 0.18400 18.53341
8.05 0.36776 18.19316
8.06 0.54738 17.70660
8.07 0.72147 17.09357
8.08 0.88890 16.37674
8.09 1.04874 15.57983
8.10 1.20031 14.72591
8.11 1.34314 13.83610
8.12 1.47697 12.92873
8.13 1.60171 12.01886
8.14 1.71738 11.11813
8.15 1.82413 10.23497
8.16 1.92216 9.37486
8.17 2.01171 8.54075
8.18 2.09306 7.73354
8.19 2.16647 6.95246
8.20 2.23219 6.19547
8.21 2.29045 5.45960
8.22 2.34144 4.74124
8.23 2.38532 4.03636
8.24 2.42220 3.34068
8.25 2.45215 2.64983
8.26 2.47520 1.95943
8.27 2.49133 1.26518
8.28 2.50048 0.56293
8.29 2.50255 -0.15128
8.30 2.49740 -0.88121
8.31 2.48486 -1.63032
8.32 2.46472 -2.40177
8.33 2.43674 -3.19833
8.34 2.40066 -4.02234
8.35 2.35619 -4.87556
8.36 2.30305 -5.75905
8.37 2.24091 -6.67299
8.38 2.16949 -7.61648
8.39 2.08849 -8.58721
8.40 1.99767 -9.58120
8.41 1.89681 -10.59246
8.42 1.78579 -11.61260
8.43 1.66456 -12.63058
8.44 1.53323 -13.63250
8.45 1.39202 -14.60155
8.46 1.24137 -15.51829
8.47 1.08190 -16.36120
8.48 0.91447 -17.10766
8.49 0.74015 -17.73529
8.50 0.56023 -18.22361
8.51 0.37620 -18.55581
8.52 0.18967 -18.72033
8.53 0.00237 -18.71217
8.54 -0.18400 -18.53341
8.55 -0.36776 -18.19316
8.56 -0.54738 -17.70660
8.57 -0.72147 -17.09357
8.58 -0.88890 -16.37675
8.59 -1.04874 -15.57984
8.60 -1.20031 -14.72591
8.61 -1.34314 -13.83610
8.62 -1.47697 -12.92873
8.63 -1.60171 -12.01886
8.64 -1.71738 -11.11813
8.65 -1.82413 -10.23497
8.66 -1.92216 -9.37486
8.67 -2.01171 -8.54075
8.68 -2.09306 -7.73354
8.69 -2.16647 -6.95246
8.70 -2.23219 -6.19547
8.71 -2.29045 -5.45960
8.72 -2.34144 -4.74124
8.73 -2.38532 -4.03636
8.74 -2.42220 -3.34068
8.75 -2.45215 -2.64983
8.76 -2.47520 -1.95943
8.77 -2.49133 -1.26518
8.78 -2.50048 -0.56293
8.79 -2.50255 0.15128
8.80 -2.49740 0.88121
8.81 -2.48486 1.63032
8.82 -2.46472 2.40177
8.83 -2.43674 3.19833
8.84 -2.40066 4.02234
8.85 -2.35619 4.87556
8.86 -2.30305 5.75905
8.87 -2.24091 6.67299
8.88 -2.16949 7.61648
8.89 -2.08849 8.58721
8.90 -1.99767 9.58120
8.91 -1.89681 10.59246
8.92 -1.78579 11.61260
8.93 -1.66456 12.63058
8.94 -1.53323 13.63250
8.95 -1.39202 14.60155
8.96 -1.24137 15.51829
8.97 -1.08190 16.36120
8.98 -0.91447 17.10766
8.99 -0.74015 17.73529
9.00 -0.56023 18.22361
9.01 -0.37620 18.55581
9.02 -0.18967 18.72034
9.03 -0.00236 18.71217
9.04 0.18400 18.53341
9.05 0.36776 18.19316
9.06 0.54738 17.70660
9.07 0.72147 17.09357
9.08 0.88890 16.37675
9.09 1.04874 15.57984
9.10 1.20031 14.72591
9.11 1.34314 13.83610
9.12 1.47697 12.92873
9.13 1.60171 12.01886
9.14 1.71738 11.11813
9.15 1.82413 10.23497
9.16 1.92216 9.37486
9.17 2.01171 8.54075
9.18 2.09306 7.73354
9.19 2.16647 6.95246
9.20 2.23219 6.19547
9.21 2.29045 5.45960
9.22 2.34144 4.74124
9.23 2.38532 4.03636
9.24 2.42220 3.34068
9.25 2.45215 2.64983
9.26 2.47520 1.95943
9.27 2.49133 1.26519
9.28 2.50048 0.56294
9.29 2.50255 -0.15128
9.30 2.49740 -0.88121
9.31 2.48486 -1.63032
9.32 2.46472 -2.40177
9.33 2.43674 -3.19833
9.34 2.40066 -4.02234
9.35 2.35619 -4.87556
9.36 2.30305 -5.75904
9.37 2.24091 -6.67299
9.38 2.16949 -7.61647
9.39 2.08849 -8.58720
9.40 1.99767 -9.58120
9.41 1.89681 -10.59245
9.42 1.78579 -11.61259
9.43 1.66456 -12.63058
9.44 1.53323 -13.63250
9.45 1.39202 -14.60155
9.46 1.24137 -15.51829
9.47 1.08190 -16.36120
9.48 0.91447 -17.10765
9.49 0.74015 -17.73529
9.50 0.56023 -18.22361
9.51 0.37620 -18.55581
9.52 0.18967 -18.72034
9.53 0.00237 -18.71217
9.54 -0.18400 -18.53341
9.55 -0.36776 -18.19316
9.56 -0.54738 -17.70661
9.57 -0.72147 -17.09357
9.58 -0.88890 -16.37675
9.59 -1.04874 -15.57984
9.60 -1.20031 -14.72591
9.61 -1.34314 -13.83610
9.62 -1.47697 -12.92873
9.63 -1.60171 -12.01886
9.64 -1.71738 -11.11814
9.65 -1.82413 -10.23498
9.66 -1.92216 -9.37486
9.67 -2.01171 -8.54076
9.68 -2.09306 -7.73355
9.69 -2.16647 -6.95246
9.70 -2.23219 -6.19547
9.71 -2.29045 -5.45960
9.72 -2.34144 -4.74124
9.73 -2.38532 -4.03636
9.74 -2.42220 -3.34068
9.75 -2.45215 -2.64983
9.76 -2.47520 -1.95943
9.77 -2.49133 -1.26518
9.78 -2.50048 -0.56294
9.79 -2.50255 0.15128
9.80 -2.49740 0.88121
9.81 -2.48486 1.63032
9.82 -2.46472 2.40177
9.83 -2.43674 3.19833
9.84 -2.40066 4.02234
9.85 -2.35619 4.87556
9.86 -2.30305 5.75905
9.87 -2.24091 6.67299
9.88 -2.16949 7.61648
9.89 -2.08849 8.58721
9.90 -1.99767 9.58120
9.91 -1.89681 10.59246
9.92 -1.78579 11.61260
9.93 -1.66456 12.63058
9.94 -1.53323 13.63250
9.95 -1.39202 14.60155
9.96 -1.24137 15.51829
9.97 -1.08190 16.36120
9.98 -0.91447 17.10766
9.99 -0.74015 17.73529
