0.00 0.00000 0.00000
0.01 0.00087 0.17316
0.02 0.00343 0.33616
0.03 0.00756 0.48738
0.04 0.01313 0.62536
0.05 0.02002 0.74886
0.06 0.02806 0.85682
0.07 0.03710 0.94837
0.08 0.04697 1.02285
0.09 0.05750 1.07979
0.10 0.06851 1.11893
0.11 0.07982 1.14019
0.12 0.09125 1.14366
0.13 0.10263 1.12965
0.14 0.11379 1.09859
0.15 0.12455 1.05111
0.16 0.13476 0.98795
0.17 0.14426 0.91002
0.18 0.15291 0.81832
0.19 0.16058 0.71398
0.20 0.16715 0.59819
0.21 0.17251 0.47227
0.22 0.17657 0.33755
0.23 0.17924 0.19546
0.24 0.18046 0.04743
0.25 0.18017 -0.10506
0.26 0.17835 -0.26052
0.27 0.17496 -0.41748
0.28 0.17000 -0.57445
0.29 0.16347 -0.72999
0.30 0.15541 -0.88267
0.31 0.14583 -1.03112
0.32 0.13480 -1.17401
0.33 0.12238 -1.31010
0.34 0.10863 -1.43819
0.35 0.09364 -1.55718
0.36 0.07752 -1.66606
0.37 0.06036 -1.76392
0.38 0.04228 -1.84995
0.39 0.02340 -1.92345
0.40 0.00385 -1.98383
0.41 -0.01623 -2.03063
0.42 -0.03671 -2.06351
0.43 -0.05745 -2.08225
0.44 -0.07831 -2.08673
0.45 -0.09914 -2.07698
0.46 -0.11980 -2.05312
0.47 -0.14016 -2.01539
0.48 -0.16007 -1.96413
0.49 -0.17940 -1.89979
0.50 -0.19802 -1.82288
0.51 -0.21581 -1.73401
0.52 -0.23266 -1.63386
0.53 -0.24846 -1.52317
0.54 -0.26309 -1.40273
0.55 -0.27648 -1.27338
0.56 -0.28853 -1.13599
0.57 -0.29918 -0.99147
0.58 -0.30834 -0.84074
0.59 -0.31597 -0.68476
0.60 -0.32202 -0.52448
0.61 -0.32645 -0.36085
0.62 -0.32923 -0.19485
0.63 -0.33035 -0.02743
0.64 -0.32978 0.14045
0.65 -0.32754 0.30784
0.66 -0.32363 0.47381
0.67 -0.31807 0.63745
0.68 -0.31089 0.79785
0.69 -0.30213 0.95414
0.70 -0.29182 1.10546
0.71 -0.28004 1.25099
0.72 -0.26683 1.38995
0.73 -0.25226 1.52159
0.74 -0.23642 1.64520
0.75 -0.21939 1.76012
0.76 -0.20125 1.86575
0.77 -0.18210 1.96153
0.78 -0.16205 2.04699
0.79 -0.14120 2.12169
0.80 -0.11966 2.18529
0.81 -0.09753 2.23751
0.82 -0.07494 2.27815
0.83 -0.05201 2.30707
0.84 -0.02884 2.32423
0.85 -0.00556 2.32965
0.86 0.01771 2.32344
0.87 0.04087 2.30576
0.88 0.06379 2.27686
0.89 0.08637 2.23704
0.90 0.10850 2.18668
0.91 0.13007 2.12618
0.92 0.15099 2.05603
0.93 0.17116 1.97673
0.94 0.19049 1.88882
0.95 0.20891 1.79289
0.96 0.22633 1.68953
0.97 0.24268 1.57936
0.98 0.25789 1.46300
0.99 0.27192 1.34110
1.00 0.28470 1.21429
1.01 0.29619 1.08320
1.02 0.30635 0.94848
1.03 0.31515 0.81076
1.04 0.32256 0.67064
1.05 0.32855 0.52875
1.06 0.33313 0.38568
1.07 0.33627 0.24202
1.08 0.33797 0.09836
1.09 0.33824 -0.04475
1.10 0.33708 -0.18674
1.11 0.33451 -0.32707
1.12 0.33054 -0.46521
1.13 0.32521 -0.60063
1.14 0.31854 -0.73283
1.15 0.31057 -0.86129
1.16 0.30133 -0.98555
1.17 0.29087 -1.10513
1.18 0.27924 -1.21956
1.19 0.26650 -1.32842
1.20 0.25270 -1.43129
1.21 0.23789 -1.52776
1.22 0.22216 -1.61747
1.23 0.20557 -1.70007
1.24 0.18819 -1.77524
1.25 0.17009 -1.84271
1.26 0.15136 -1.90221
1.27 0.13207 -1.95354
1.28 0.11232 -1.99652
1.29 0.09217 -2.03102
1.30 0.07172 -2.05695
1.31 0.05106 -2.07426
1.32 0.03027 -2.08293
1.33 0.00943 -2.08301
1.34 -0.01136 -2.07457
1.35 -0.03203 -2.05772
1.36 -0.05249 -2.03263
1.37 -0.07266 -1.99949
1.38 -0.09246 -1.95852
1.39 -0.11180 -1.90999
1.40 -0.13063 -1.85417
1.41 -0.14886 -1.79138
1.42 -0.16644 -1.72196
1.43 -0.18328 -1.64625
1.44 -0.19934 -1.56463
1.45 -0.21456 -1.47748
1.46 -0.22887 -1.38518
1.47 -0.24224 -1.28814
1.48 -0.25462 -1.18677
1.49 -0.26597 -1.08146
1.50 -0.27624 -0.97264
1.51 -0.28541 -0.86071
1.52 -0.29345 -0.74608
1.53 -0.30032 -0.62917
1.54 -0.30602 -0.51038
1.55 -0.31053 -0.39013
1.56 -0.31382 -0.26883
1.57 -0.31590 -0.14688
1.58 -0.31676 -0.02469
1.59 -0.31639 0.09732
1.60 -0.31481 0.21876
1.61 -0.31202 0.33920
1.62 -0.30803 0.45825
1.63 -0.30286 0.57549
1.64 -0.29653 0.69051
1.65 -0.28906 0.80290
1.66 -0.28048 0.91227
1.67 -0.27083 1.01819
1.68 -0.26013 1.12028
1.69 -0.24844 1.21813
1.70 -0.23579 1.31138
1.71 -0.22223 1.39963
1.72 -0.20781 1.48254
1.73 -0.19259 1.55975
1.74 -0.17664 1.63093
1.75 -0.16000 1.69580
1.76 -0.14274 1.75405
1.77 -0.12494 1.80544
1.78 -0.10666 1.84973
1.79 -0.08797 1.88674
1.80 -0.06895 1.91630
1.81 -0.04967 1.93828
1.82 -0.03021 1.95259
1.83 -0.01064 1.95918
1.84 0.00895 1.95802
1.85 0.02849 1.94913
1.86 0.04791 1.93257
1.87 0.06712 1.90843
1.88 0.08605 1.87683
1.89 0.10463 1.83792
1.90 0.12279 1.79190
1.91 0.14045 1.73898
1.92 0.15754 1.67940
1.93 0.17401 1.61343
1.94 0.18979 1.54135
1.95 0.20482 1.46347
1.96 0.21904 1.38011
1.97 0.23241 1.29162
1.98 0.24486 1.19834
1.99 0.25636 1.10064
2.00 0.26686 0.99888
2.01 0.27632 0.89346
2.02 0.28472 0.78474
2.03 0.29201 0.67313
2.04 0.29817 0.55902
2.05 0.30318 0.44283
2.06 0.30702 0.32494
2.07 0.30968 0.20579
2.08 0.31113 0.08578
2.09 0.31139 -0.03466
2.10 0.31044 -0.15511
2.11 0.30829 -0.27514
2.12 0.30494 -0.39432
2.13 0.30041 -0.51221
2.14 0.29470 -0.62837
2.15 0.28785 -0.74236
2.16 0.27986 -0.85375
2.17 0.27078 -0.96209
2.18 0.26063 -1.06696
2.19 0.24946 -1.16791
2.20 0.23729 -1.26453
2.21 0.22418 -1.35641
2.22 0.21018 -1.44314
2.23 0.19534 -1.52434
2.24 0.17971 -1.59964
2.25 0.16337 -1.66871
2.26 0.14636 -1.73120
2.27 0.12876 -1.78685
2.28 0.11065 -1.83537
2.29 0.09208 -1.87654
2.30 0.07314 -1.91016
2.31 0.05390 -1.93608
2.32 0.03445 -1.95417
2.33 0.01485 -1.96435
2.34 -0.00481 -1.96657
2.35 -0.02446 -1.96084
2.36 -0.04400 -1.94718
2.37 -0.06338 -1.92568
2.38 -0.08249 -1.89645
2.39 -0.10128 -1.85962
2.40 -0.11966 -1.81540
2.41 -0.13756 -1.76398
2.42 -0.15492 -1.70561
2.43 -0.17165 -1.64056
2.44 -0.18771 -1.56913
2.45 -0.20302 -1.49163
2.46 -0.21752 -1.40839
2.47 -0.23117 -1.31976
2.48 -0.24390 -1.22612
2.49 -0.25567 -1.12783
2.50 -0.26644 -1.02528
2.51 -0.27616 -0.91887
2.52 -0.28481 -0.80902
2.53 -0.29234 -0.69611
2.54 -0.29872 -0.58058
2.55 -0.30394 -0.46285
2.56 -0.30797 -0.34334
2.57 -0.31080 -0.22248
2.58 -0.31242 -0.10070
2.59 -0.31281 0.02154
2.60 -0.31199 0.14383
2.61 -0.30994 0.26570
2.62 -0.30668 0.38671
2.63 -0.30221 0.50641
2.64 -0.29655 0.62436
2.65 -0.28973 0.74009
2.66 -0.28176 0.85315
2.67 -0.27268 0.96311
2.68 -0.26251 1.06950
2.69 -0.25130 1.17190
2.70 -0.23909 1.26987
2.71 -0.22592 1.36300
2.72 -0.21184 1.45086
2.73 -0.19692 1.53309
2.74 -0.18120 1.60930
2.75 -0.16476 1.67915
2.76 -0.14764 1.74231
2.77 -0.12993 1.79850
2.78 -0.11170 1.84744
2.79 -0.09301 1.88891
2.80 -0.07394 1.92271
2.81 -0.05458 1.94869
2.82 -0.03500 1.96673
2.83 -0.01527 1.97675
2.84 0.00451 1.97872
2.85 0.02427 1.97264
2.86 0.04394 1.95855
2.87 0.06342 1.93653
2.88 0.08264 1.90671
2.89 0.10153 1.86924
2.90 0.12000 1.82432
2.91 0.13799 1.77216
2.92 0.15542 1.71301
2.93 0.17223 1.64716
2.94 0.18834 1.57491
2.95 0.20371 1.49657
2.96 0.21826 1.41250
2.97 0.23194 1.32305
2.98 0.24470 1.22858
2.99 0.25649 1.12950
3.00 0.26728 1.02618
3.01 0.27701 0.91903
3.02 0.28565 0.80847
3.03 0.29316 0.69489
3.04 0.29953 0.57874
3.05 0.30473 0.46042
3.06 0.30874 0.34038
3.07 0.31154 0.21904
3.08 0.31312 0.09683
3.09 0.31347 -0.02580
3.10 0.31260 -0.14841
3.11 0.31050 -0.27056
3.12 0.30719 -0.39179
3.13 0.30267 -0.51167
3.14 0.29696 -0.62973
3.15 0.29009 -0.74553
3.16 0.28206 -0.85862
3.17 0.27292 -0.96855
3.18 0.26270 -1.07488
3.19 0.25144 -1.17717
3.20 0.23917 -1.27499
3.21 0.22596 -1.36793
3.22 0.21183 -1.45559
3.23 0.19686 -1.53757
3.24 0.18110 -1.61350
3.25 0.16461 -1.68305
3.26 0.14746 -1.74590
3.27 0.12972 -1.80175
3.28 0.11145 -1.85034
3.29 0.09274 -1.89146
3.30 0.07365 -1.92490
3.31 0.05427 -1.95051
3.32 0.03467 -1.96819
3.33 0.01493 -1.97785
3.34 -0.00486 -1.97947
3.35 -0.02463 -1.97304
3.36 -0.04430 -1.95862
3.37 -0.06378 -1.93629
3.38 -0.08300 -1.90617
3.39 -0.10188 -1.86842
3.40 -0.12034 -1.82324
3.41 -0.13832 -1.77084
3.42 -0.15574 -1.71148
3.43 -0.17253 -1.64544
3.44 -0.18862 -1.57302
3.45 -0.20397 -1.49454
3.46 -0.21849 -1.41035
3.47 -0.23215 -1.32080
3.48 -0.24489 -1.22627
3.49 -0.25666 -1.12714
3.50 -0.26742 -1.02379
3.51 -0.27713 -0.91664
3.52 -0.28574 -0.80609
3.53 -0.29324 -0.69256
3.54 -0.29959 -0.57646
3.55 -0.30476 -0.45822
3.56 -0.30875 -0.33826
3.57 -0.31152 -0.21701
3.58 -0.31308 -0.09492
3.59 -0.31342 0.02759
3.60 -0.31253 0.15007
3.61 -0.31042 0.27208
3.62 -0.30709 0.39316
3.63 -0.30256 0.51289
3.64 -0.29684 0.63080
3.65 -0.28995 0.74644
3.66 -0.28192 0.85938
3.67 -0.27278 0.96915
3.68 -0.26255 1.07533
3.69 -0.25128 1.17747
3.70 -0.23902 1.27514
3.71 -0.22580 1.36794
3.72 -0.21167 1.45546
3.73 -0.19671 1.53731
3.74 -0.18095 1.61313
3.75 -0.16446 1.68257
3.76 -0.14732 1.74531
3.77 -0.12958 1.80106
3.78 -0.11132 1.84957
3.79 -0.09262 1.89061
3.80 -0.07354 1.92399
3.81 -0.05416 1.94955
3.82 -0.03457 1.96719
3.83 -0.01484 1.97682
3.84 0.00494 1.97841
3.85 0.02470 1.97197
3.86 0.04435 1.95755
3.87 0.06382 1.93523
3.88 0.08303 1.90513
3.89 0.10190 1.86740
3.90 0.12035 1.82225
3.91 0.13832 1.76989
3.92 0.15573 1.71058
3.93 0.17251 1.64459
3.94 0.18860 1.57223
3.95 0.20393 1.49381
3.96 0.21846 1.40968
3.97 0.23211 1.32020
3.98 0.24484 1.22574
3.99 0.25661 1.12667
4.00 0.26736 1.02340
4.01 0.27706 0.91632
4.02 0.28568 0.80584
4.03 0.29317 0.69238
4.04 0.29952 0.57634
4.05 0.30469 0.45816
4.06 0.30867 0.33826
4.07 0.31145 0.21708
4.08 0.31301 0.09504
4.09 0.31335 -0.02742
4.10 0.31246 -0.14985
4.11 0.31036 -0.27181
4.12 0.30703 -0.39286
4.13 0.30250 -0.51255
4.14 0.29679 -0.63043
4.15 0.28990 -0.74605
4.16 0.28187 -0.85896
4.17 0.27273 -0.96871
4.18 0.26251 -1.07488
4.19 0.25125 -1.17701
4.20 0.23899 -1.27468
4.21 0.22577 -1.36748
4.22 0.21166 -1.45500
4.23 0.19669 -1.53685
4.24 0.18094 -1.61268
4.25 0.16446 -1.68213
4.26 0.14732 -1.74489
4.27 0.12958 -1.80067
4.28 0.11133 -1.84920
4.29 0.09263 -1.89026
4.30 0.07355 -1.92367
4.31 0.05418 -1.94926
4.32 0.03459 -1.96692
4.33 0.01487 -1.97658
4.34 -0.00491 -1.97821
4.35 -0.02467 -1.97180
4.36 -0.04432 -1.95741
4.37 -0.06379 -1.93512
4.38 -0.08300 -1.90504
4.39 -0.10187 -1.86735
4.40 -0.12032 -1.82223
4.41 -0.13829 -1.76990
4.42 -0.15570 -1.71061
4.43 -0.17248 -1.64465
4.44 -0.18857 -1.57230
4.45 -0.20390 -1.49391
4.46 -0.21843 -1.40980
4.47 -0.23208 -1.32034
4.48 -0.24482 -1.22589
4.49 -0.25659 -1.12684
4.50 -0.26734 -1.02358
4.51 -0.27704 -0.91651
4.52 -0.28566 -0.80604
4.53 -0.29316 -0.69257
4.54 -0.29950 -0.57654
4.55 -0.30468 -0.45837
4.56 -0.30866 -0.33847
4.57 -0.31144 -0.21728
4.58 -0.31301 -0.09524
4.59 -0.31335 0.02722
4.60 -0.31246 0.14966
4.61 -0.31036 0.27163
4.62 -0.30703 0.39269
4.63 -0.30251 0.51239
4.64 -0.29679 0.63028
4.65 -0.28991 0.74591
4.66 -0.28188 0.85883
4.67 -0.27274 0.96860
4.68 -0.26252 1.07478
4.69 -0.25126 1.17692
4.70 -0.23900 1.27460
4.71 -0.22578 1.36742
4.72 -0.21167 1.45495
4.73 -0.19670 1.53682
4.74 -0.18095 1.61266
4.75 -0.16447 1.68212
4.76 -0.14733 1.74489
4.77 -0.12960 1.80068
4.78 -0.11134 1.84922
4.79 -0.09264 1.89030
4.80 -0.07356 1.92371
4.81 -0.05419 1.94931
4.82 -0.03460 1.96698
4.83 -0.01488 1.97665
4.84 0.00490 1.97828
4.85 0.02466 1.97188
4.86 0.04432 1.95749
4.87 0.06379 1.93520
4.88 0.08299 1.90513
4.89 0.10186 1.86744
4.90 0.12032 1.82232
4.91 0.13828 1.76999
4.92 0.15569 1.71070
4.93 0.17248 1.64473
4.94 0.18857 1.57239
4.95 0.20390 1.49399
4.96 0.21843 1.40988
4.97 0.23208 1.32041
4.98 0.24482 1.22596
4.99 0.25659 1.12690
5.00 0.26734 1.02364
5.01 0.27705 0.91656
5.02 0.28566 0.80608
5.03 0.29316 0.69262
5.04 0.29951 0.57658
5.05 0.30468 0.45840
5.06 0.30867 0.33849
5.07 0.31145 0.21730
5.08 0.31301 0.09525
5.09 0.31335 -0.02722
5.10 0.31247 -0.14966
5.11 0.31036 -0.27163
5.12 0.30704 -0.39270
5.13 0.30251 -0.51240
5.14 0.29680 -0.63029
5.15 0.28991 -0.74593
5.16 0.28189 -0.85885
5.17 0.27275 -0.96863
5.18 0.26253 -1.07481
5.19 0.25126 -1.17695
5.20 0.23900 -1.27464
5.21 0.22579 -1.36745
5.22 0.21167 -1.45499
5.23 0.19671 -1.53686
5.24 0.18095 -1.61270
5.25 0.16447 -1.68216
5.26 0.14733 -1.74493
5.27 0.12960 -1.80072
5.28 0.11134 -1.84926
5.29 0.09264 -1.89034
5.30 0.07356 -1.92375
5.31 0.05419 -1.94934
5.32 0.03460 -1.96701
5.33 0.01488 -1.97668
5.34 -0.00491 -1.97831
5.35 -0.02466 -1.97190
5.36 -0.04432 -1.95752
5.37 -0.06379 -1.93522
5.38 -0.08300 -1.90515
5.39 -0.10186 -1.86746
5.40 -0.12032 -1.82233
5.41 -0.13829 -1.77000
5.42 -0.15570 -1.71071
5.43 -0.17248 -1.64474
5.44 -0.18857 -1.57239
5.45 -0.20391 -1.49399
5.46 -0.21843 -1.40988
5.47 -0.23209 -1.32041
5.48 -0.24482 -1.22595
5.49 -0.25659 -1.12690
5.50 -0.26735 -1.02363
5.51 -0.27705 -0.91655
5.52 -0.28567 -0.80607
5.53 -0.29316 -0.69260
5.54 -0.29951 -0.57657
5.55 -0.30469 -0.45838
5.56 -0.30867 -0.33848
5.57 -0.31145 -0.21728
5.58 -0.31301 -0.09523
5.59 -0.31335 0.02723
5.60 -0.31247 0.14968
5.61 -0.31036 0.27165
5.62 -0.30704 0.39271
5.63 -0.30251 0.51242
5.64 -0.29680 0.63031
5.65 -0.28991 0.74594
5.66 -0.28189 0.85887
5.67 -0.27275 0.96864
5.68 -0.26253 1.07482
5.69 -0.25126 1.17696
5.70 -0.23900 1.27465
5.71 -0.22579 1.36746
5.72 -0.21167 1.45500
5.73 -0.19671 1.53687
5.74 -0.18095 1.61270
5.75 -0.16447 1.68217
5.76 -0.14733 1.74494
5.77 -0.12960 1.80072
5.78 -0.11134 1.84927
5.79 -0.09264 1.89034
5.80 -0.07356 1.92375
5.81 -0.05419 1.94934
5.82 -0.03460 1.96701
5.83 -0.01488 1.97668
5.84 0.00491 1.97830
5.85 0.02466 1.97190
5.86 0.04432 1.95751
5.87 0.06379 1.93522
5.88 0.08300 1.90515
5.89 0.10187 1.86745
5.90 0.12032 1.82233
5.91 0.13829 1.76999
5.92 0.15570 1.71070
5.93 0.17248 1.64473
5.94 0.18857 1.57238
5.95 0.20391 1.49398
5.96 0.21843 1.40987
5.97 0.23209 1.32040
5.98 0.24482 1.22595
5.99 0.25659 1.12689
6.00 0.26735 1.02362
6.01 0.27705 0.91654
6.02 0.28567 0.80607
6.03 0.29316 0.69260
6.04 0.29951 0.57656
6.05 0.30469 0.45838
6.06 0.30867 0.33847
6.07 0.31145 0.21728
6.08 0.31301 0.09523
6.09 0.31335 -0.02724
6.10 0.31247 -0.14968
6.11 0.31036 -0.27165
6.12 0.30704 -0.39272
6.13 0.30251 -0.51242
6.14 0.29680 -0.63031
6.15 0.28991 -0.74594
6.16 0.28189 -0.85887
6.17 0.27275 -0.96864
6.18 0.26253 -1.07482
6.19 0.25126 -1.17696
6.20 0.23900 -1.27465
6.21 0.22579 -1.36746
6.22 0.21167 -1.45499
6.23 0.19671 -1.53686
6.24 0.18095 -1.61270
6.25 0.16447 -1.68217
6.26 0.14733 -1.74494
6.27 0.12960 -1.80072
6.28 0.11134 -1.84926
6.29 0.09264 -1.89033
6.30 0.07356 -1.92374
6.31 0.05419 -1.94934
6.32 0.03460 -1.96701
6.33 0.01488 -1.97667
6.34 -0.00491 -1.97830
6.35 -0.02466 -1.97190
6.36 -0.04432 -1.95751
6.37 -0.06379 -1.93522
6.38 -0.08300 -1.90514
6.39 -0.10187 -1.86745
6.40 -0.12032 -1.82232
6.41 -0.13829 -1.76999
6.42 -0.15570 -1.71070
6.43 -0.17248 -1.64473
6.44 -0.18857 -1.57238
6.45 -0.20391 -1.49398
6.46 -0.21843 -1.40987
6.47 -0.23209 -1.32040
6.48 -0.24482 -1.22595
6.49 -0.25659 -1.12689
6.50 -0.26735 -1.02362
6.51 -0.27705 -0.91654
6.52 -0.28567 -0.80607
6.53 -0.29316 -0.69260
6.54 -0.29951 -0.57656
6.55 -0.30469 -0.45838
6.56 -0.30867 -0.33847
6.57 -0.31145 -0.21728
6.58 -0.31301 -0.09523
6.59 -0.31335 0.02723
6.60 -0.31247 0.14968
6.61 -0.31036 0.27165
6.62 -0.30704 0.39271
6.63 -0.30251 0.51242
6.64 -0.29680 0.63031
6.65 -0.28991 0.74594
6.66 -0.28189 0.85887
6.67 -0.27275 0.96864
6.68 -0.26253 1.07482
6.69 -0.25126 1.17696
6.70 -0.23900 1.27465
6.71 -0.22579 1.36746
6.72 -0.21167 1.45499
6.73 -0.19671 1.53686
6.74 -0.18095 1.61270
6.75 -0.16447 1.68216
6.76 -0.14733 1.74493
6.77 -0.12960 1.80072
6.78 -0.11134 1.84926
6.79 -0.09264 1.89033
6.80 -0.07356 1.92374
6.81 -0.05419 1.94934
6.82 -0.03460 1.96701
6.83 -0.01488 1.97667
6.84 0.00491 1.97830
6.85 0.02466 1.97190
6.86 0.04432 1.95751
6.87 0.06379 1.93522
6.88 0.08300 1.90514
6.89 0.10187 1.86745
6.90 0.12032 1.82232
6.91 0.13829 1.76999
6.92 0.15570 1.71070
6.93 0.17248 1.64473
6.94 0.18857 1.57238
6.95 0.20391 1.49398
6.96 0.21843 1.40987
6.97 0.23209 1.32040
6.98 0.24482 1.22595
6.99 0.25659 1.12689
7.00 0.26735 1.02362
7.01 0.27705 0.91655
7.02 0.28567 0.80607
7.03 0.29316 0.69260
7.04 0.29951 0.57656
7.05 0.30469 0.45838
7.06 0.30867 0.33847
7.07 0.31145 0.21728
7.08 0.31301 0.09523
7.09 0.31335 -0.02723
7.10 0.31247 -0.14968
7.11 0.31036 -0.27165
7.12 0.30704 -0.39271
7.13 0.30251 -0.51242
7.14 0.29680 -0.63031
7.15 0.28991 -0.74594
7.16 0.28189 -0.85887
7.17 0.27275 -0.96864
7.18 0.26253 -1.07482
7.19 0.25126 -1.17696
7.20 0.23900 -1.27465
7.21 0.22579 -1.36746
7.22 0.21167 -1.45499
7.23 0.19671 -1.53686
7.24 0.18095 -1.61270
7.25 0.16447 -1.68216
7.26 0.14733 -1.74493
7.27 0.12960 -1.80072
7.28 0.11134 -1.84926
7.29 0.09264 -1.89033
7.30 0.07356 -1.92374
7.31 0.05419 -1.94934
7.32 0.03460 -1.96701
7.33 0.01488 -1.97667
7.34 -0.00491 -1.97830
7.35 -0.02466 -1.97190
7.36 -0.04432 -1.95751
7.37 -0.06379 -1.93522
7.38 -0.08300 -1.90514
7.39 -0.10187 -1.86745
7.40 -0.12032 -1.82232
7.41 -0.13829 -1.76999
7.42 -0.15570 -1.71070
7.43 -0.17248 -1.64473
7.44 -0.18857 -1.57238
7.45 -0.20391 -1.49398
7.46 -0.21843 -1.40987
7.47 -0.23209 -1.32040
7.48 -0.24482 -1.22595
7.49 -0.25659 -1.12689
7.50 -0.26735 -1.02362
7.51 -0.27705 -0.91655
7.52 -0.28567 -0.80607
7.53 -0.29316 -0.69260
7.54 -0.29951 -0.57656
7.55 -0.30469 -0.45838
7.56 -0.30867 -0.33847
7.57 -0.31145 -0.21728
7.58 -0.31301 -0.09523
7.59 -0.31335 0.02723
7.60 -0.31247 0.14968
7.61 -0.31036 0.27165
7.62 -0.30704 0.39271
7.63 -0.30251 0.51242
7.64 -0.29680 0.63031
7.65 -0.28991 0.74594
7.66 -0.28189 0.85887
7.67 -0.27275 0.96864
7.68 -0.26253 1.07482
7.69 -0.25126 1.17696
7.70 -0.23900 1.27465
7.71 -0.22579 1.36746
7.72 -0.21167 1.45499
7.73 -0.19671 1.53686
7.74 -0.18095 1.61270
7.75 -0.16447 1.68217
7.76 -0.14733 1.74493
7.77 -0.12960 1.80072
7.78 -0.11134 1.84926
7.79 -0.09264 1.89033
7.80 -0.07356 1.92374
7.81 -0.05419 1.94934
7.82 -0.03460 1.96701
7.83 -0.01488 1.97667
7.84 0.00491 1.97830
7.85 0.02466 1.97190
7.86 0.04432 1.95751
7.87 0.06379 1.93522
7.88 0.08300 1.90514
7.89 0.10187 1.86745
7.90 0.12032 1.82232
7.91 0.13829 1.76999
7.92 0.15570 1.71070
7.93 0.17248 1.64473
7.94 0.18857 1.57238
7.95 0.20391 1.49398
7.96 0.21843 1.40987
7.97 0.23209 1.32040
7.98 0.24482 1.22595
7.99 0.25659 1.12689
